Insertion Sort:

[22, 27, 16, 2, 18, 6] -> [22, 27, 16, 2, 18, 6] (başlangıç)
[22, 27, 16, 2, 18, 6] -> [22, 27, 16, 2, 18, 6] (1. adım)
[16, 22, 27, 2, 18, 6] -> [16, 22, 27, 2, 18, 6] (2. adım)
[2, 16, 22, 27, 18, 6] -> [2, 16, 18, 22, 27, 6] (3. adım)
[2, 16, 18, 22, 27, 6] -> [2, 6, 16, 18, 22, 27] (4. adım)
[2, 6, 16, 18, 22, 27] (sıralanmış dizi)
Big-O gösterimi: O(n^2)

Time Complexity: 18 sayısı dizinin ortasında yer alıyor, dolayısıyla Average Case'de sınıflandırılır.

Selection Sort:

[7, 3, 5, 8, 2, 9, 4, 15, 6] -> [2, 3, 5, 8, 7, 9, 4, 15, 6] (1. adım)
[2, 3, 5, 8, 7, 9, 4, 15, 6] -> [2, 3, 4, 8, 7, 9, 5, 15, 6] (2. adım)
[2, 3, 4, 8, 7, 9, 5, 15, 6] -> [2, 3, 4, 5, 7, 9, 8, 15, 6] (3. adım)
[2, 3, 4, 5, 7, 9, 8, 15, 6] -> [2, 3, 4, 5, 6, 9, 8, 15, 7] (4. adım)
Not: Her adımda en küçük eleman bulunarak başa alınır.